1987-01-01,1.800564,1.815011,1.800564,10.000000,1.805980,0
1987-02-01,1.814881,1.818517,1.805787,9.990000,1.816700,0
1987-03-01,1.828472,1.830302,1.804679,9.860000,1.804679,0
1987-04-01,1.813020,1.814861,1.735633,9.470000,1.744846,0
1987-05-01,1.753270,1.753270,1.712412,9.360000,1.738413,0
1987-06-01,1.757475,1.776191,1.740632,9.420000,1.763091,0
1987-07-01,1.778715,1.786263,1.761740,9.340000,1.761740,0
1987-08-01,1.763472,1.778673,1.748270,9.200000,1.748270,0
1987-09-01,1.761309,1.761309,1.707704,8.920000,1.707704,0
1987-10-01,1.723696,1.770023,1.690884,9.160000,1.768093,0
1987-11-01,1.776245,1.797645,1.776245,9.160000,1.782081,0
1987-12-01,1.792577,1.806293,1.771030,9.200000,1.802376,0
1988-01-01,1.829909,1.873526,1.816032,9.450000,1.873526,0
1988-02-01,1.884455,1.894404,1.878487,9.500000,1.890426,0
1988-03-01,1.902857,1.904860,1.864799,9.320000,1.866804,0
1988-04-01,1.873077,1.883170,1.856931,9.200000,1.856931,0
1988-05-01,1.866789,1.868824,1.840352,9.050000,1.840352,0
1988-06-01,1.865206,1.897966,1.865206,9.220000,1.887728,0
1988-07-01,1.904776,1.904776,1.875883,9.110000,1.880012,0
1988-08-01,1.895824,1.906217,1.872959,9.060000,1.883352,0
1988-09-01,1.897221,1.926534,1.897221,9.190000,1.924440,0
1988-10-01,1.940881,1.953540,1.938772,9.260000,1.953540,0
1988-11-01,1.969332,1.969332,1.926846,9.110000,1.935343,0
1988-12-01,1.952602,1.954744,1.933333,9.050000,1.937614,0
1989-01-01,1.952955,1.976774,1.948629,9.100000,1.970277,0
1989-02-01,1.976617,1.980963,1.944037,8.970000,1.948383,0
1989-03-01,1.962344,1.971105,1.940441,8.930000,1.955773,0
1989-04-01,1.978445,1.993885,1.969624,9.040000,1.993885,0
1989-05-01,1.999841,2.044284,1.995399,9.200000,2.044284,0
1989-06-01,2.059868,2.104649,2.059868,9.400000,2.104649,0
1989-07-01,2.120278,2.151855,2.120278,9.540000,2.151855,0
1989-08-01,2.175829,2.175829,2.114505,9.320000,2.116779,0
1989-09-01,2.141222,2.150374,2.127498,9.300000,2.127498,0
1989-10-01,2.144629,2.188396,2.144629,9.470000,2.181487,0
1989-11-01,2.195236,2.202189,2.183645,9.470000,2.195236,0
1989-12-01,2.216473,2.221144,2.202459,9.440000,2.204796,0
1990-01-01,2.225883,2.225883,2.171594,9.230000,2.178677,0
1990-02-01,2.188502,2.193240,2.167184,9.200000,2.179030,0
1990-03-01,2.195389,2.200179,2.181025,9.140000,2.188206,0
1990-04-01,2.204329,2.213979,2.168156,8.990000,2.168156,0
1990-05-01,2.184434,2.230601,2.182004,9.180000,2.230601,0
1990-06-01,2.264155,2.273946,2.251914,9.260000,2.266600,0
1990-07-01,2.283158,2.295487,2.268363,9.310000,2.295487,0
1990-08-01,2.319575,2.319575,2.245070,9.130000,2.267422,0
1990-09-01,2.279197,2.289206,2.266688,9.130000,2.284204,0
1990-10-01,2.310970,2.321053,2.290810,9.200000,2.318530,0
1990-11-01,2.342935,2.370859,2.340397,9.340000,2.370859,0
1990-12-01,2.392622,2.423296,2.392622,9.410000,2.405406,0
1991-01-01,2.435302,2.440450,2.409558,9.450000,2.432727,0
1991-02-01,2.465146,2.478107,2.452186,9.460000,2.452186,0
1991-03-01,2.461041,2.471480,2.445383,9.460000,2.468870,0
1991-04-01,2.483360,2.499129,2.478103,9.490000,2.493872,0
1991-05-01,2.513486,2.518777,2.497613,9.490000,2.510839,0
1991-06-01,2.519865,2.519865,2.495889,9.420000,2.509207,0
1991-07-01,2.523745,2.542519,2.515701,9.480000,2.542519,0
1991-08-01,2.557137,2.605737,2.557137,9.610000,2.594941,0
1991-09-01,2.614985,2.647602,2.612266,9.740000,2.647602,0
1991-10-01,2.665148,2.673359,2.645998,9.770000,2.673359,0
1991-11-01,2.690729,2.701745,2.682465,9.780000,2.693481,0
1991-12-01,2.716505,2.769174,2.716505,9.990000,2.769174,0
1992-01-01,2.785402,2.793791,2.735062,9.780000,2.735062,0
1992-02-01,2.750278,2.767185,2.733369,9.780000,2.755913,0
1992-03-01,2.759371,2.759371,2.725340,9.670000,2.742355,0
1992-04-01,2.771178,2.791159,2.759764,9.680000,2.762617,0
1992-05-01,2.785303,2.828375,2.785303,9.800000,2.814017,0
1992-06-01,2.822449,2.851336,2.822449,9.870000,2.851336,0
1992-07-01,2.871389,2.920797,2.871389,10.000000,2.906264,0
1992-08-01,2.923513,2.952747,2.923513,10.040000,2.935210,0
1992-09-01,2.958144,2.987549,2.952263,10.110000,2.972848,0
1992-10-01,3.001511,3.001511,2.933501,9.930000,2.936455,0
1992-11-01,2.944436,2.953358,2.911721,9.790000,2.911721,0
1992-12-01,2.953007,2.986189,2.953007,9.880000,2.980155,0
1993-01-01,3.005939,3.030204,2.993805,9.990000,3.030204,0
1993-02-01,3.053406,3.099208,3.047301,10.130000,3.093106,0
1993-03-01,3.120129,3.138552,3.095559,10.110000,3.104773,0
1993-04-01,3.119272,3.150154,3.110005,10.130000,3.128537,0
1993-05-01,3.154901,3.164211,3.130053,10.090000,3.133157,0
1993-06-01,3.159368,3.190587,3.153122,10.220000,3.190587,0
1993-07-01,3.206906,3.222594,3.191214,10.230000,3.210042,0
1993-08-01,3.223288,3.267445,3.223288,10.350000,3.264289,0
1993-09-01,3.281075,3.303266,3.274734,10.340000,3.277905,0
1993-10-01,3.300489,3.319606,3.284562,10.320000,3.287749,0
1993-11-01,3.288373,3.288373,3.249953,10.170000,3.256353,0
1993-12-01,3.275613,3.294919,3.237002,10.060000,3.237002,0
1994-01-01,3.278605,3.324369,3.278605,10.150000,3.317832,0
1994-02-01,3.324384,3.324384,3.255399,9.910000,3.255399,0
1994-03-01,3.258373,3.258373,3.182439,9.640000,3.182439,0
1994-04-01,3.146578,3.183087,3.146578,9.510000,3.156535,0
1994-05-01,3.166527,3.189883,3.116478,9.460000,3.156518,0
1994-06-01,3.176945,3.213848,3.150108,9.390000,3.150108,0
1994-07-01,3.167912,3.208396,3.151045,9.510000,3.208396,0
1994-08-01,3.223137,3.226531,3.185816,9.470000,3.212961,0
1994-09-01,3.228016,3.228016,3.163180,9.280000,3.166589,0
1994-10-01,3.177936,3.188231,3.150481,9.220000,3.164208,0
1994-11-01,3.169043,3.175945,3.148329,9.150000,3.158685,0
1994-12-01,3.173656,3.194490,3.173656,9.170000,3.184072,0
1995-01-01,3.192459,3.244848,3.192459,9.290000,3.244848,0
1995-02-01,3.253320,3.316561,3.249808,9.440000,3.316561,0
1995-03-01,3.334930,3.359660,3.303137,9.450000,3.338462,0
1995-04-01,3.368289,3.393163,3.368289,9.520000,3.382502,0
1995-05-01,3.398205,3.516124,3.398205,9.840000,3.516124,0
1995-06-01,3.547051,3.568613,3.514705,9.850000,3.539863,0
1995-07-01,3.559778,3.592305,3.516411,9.770000,3.530868,0
1995-08-01,3.543626,3.572705,3.521825,9.830000,3.572705,0
1995-09-01,3.603814,3.622089,3.592853,9.870000,3.607468,0
1995-10-01,3.630699,3.663772,3.630699,9.960000,3.660097,0
1995-11-01,3.687832,3.713694,3.684136,10.050000,3.713694,0
1995-12-01,3.740895,3.766901,3.722325,10.140000,3.766901,0
1996-01-01,3.783751,3.794954,3.757603,10.150000,3.791219,0
1996-02-01,3.807781,3.815294,3.725167,9.920000,3.725167,0
1996-03-01,3.767044,3.778367,3.684008,9.790000,3.695329,0
1996-04-01,3.723482,3.731071,3.658955,9.690000,3.677929,0
1996-05-01,3.693920,3.705364,3.659573,9.620000,3.671022,0
1996-06-01,3.687458,3.718156,3.664437,9.690000,3.718156,0
1996-07-01,3.738710,3.738710,3.680835,9.660000,3.727134,0
1996-08-01,3.775314,3.802475,3.720994,9.590000,3.720994,0
1996-09-01,3.749781,3.796604,3.734173,9.700000,3.784898,0
1996-10-01,3.821337,3.868421,3.821337,9.860000,3.868421,0
1996-11-01,3.889750,3.937085,3.889750,9.980000,3.937085,0
1996-12-01,3.958170,3.958170,3.894715,9.840000,3.902646,0
1997-01-01,3.904527,3.912505,3.880598,9.810000,3.912505,0
1997-02-01,3.946280,3.970345,3.918205,9.770000,3.918205,0
1997-03-01,3.938746,3.938746,3.878275,9.620000,3.878275,0
1997-04-01,3.904635,3.937068,3.888411,9.710000,3.937068,0
1997-05-01,3.962802,3.975029,3.950570,9.740000,3.970952,0
1997-06-01,3.997673,4.042775,3.997673,9.800000,4.018174,0
1997-07-01,4.052324,4.130651,4.052324,10.020000,4.130651,0
1997-08-01,4.120328,4.120328,4.083025,9.880000,4.095458,0
1997-09-01,4.122113,4.167962,4.109605,9.970000,4.155459,0
1997-10-01,4.194403,4.223735,4.165069,10.060000,4.215357,0
1997-11-01,4.225462,4.238102,4.217040,10.040000,4.229675,0
1997-12-01,4.256357,4.281770,4.243654,10.090000,4.273301,0
1998-01-01,4.313369,4.360209,4.300600,10.170000,4.330402,0
1998-02-01,4.344573,4.357413,4.314611,10.110000,4.327450,0
1998-03-01,4.331775,4.366188,4.323171,10.090000,4.340378,0
1998-04-01,4.371992,4.402265,4.337394,10.090000,4.363343,0
1998-05-01,4.390429,4.407817,4.373043,10.140000,4.407817,0
1998-06-01,4.435367,4.461592,4.426628,10.170000,4.444111,0
1998-07-01,4.471364,4.480147,4.449403,10.140000,4.453794,0
1998-08-01,4.486028,4.539010,4.486028,10.280000,4.539010,0
1998-09-01,4.553727,4.629182,4.544850,10.430000,4.629182,0
1998-10-01,4.674788,4.697094,4.576655,10.320000,4.603416,0
1998-11-01,4.599741,4.626640,4.572842,10.320000,4.626640,0
1998-12-01,4.658263,4.671779,4.608706,10.270000,4.626728,0
1999-01-01,4.662933,4.681106,4.631112,10.300000,4.681106,0
1999-02-01,4.686152,4.686152,4.594804,10.070000,4.599372,0
1999-03-01,4.603064,4.653550,4.598475,10.060000,4.616838,0
1999-04-01,4.643075,4.693894,4.643075,10.050000,4.643075,0
1999-05-01,4.670799,4.670799,4.601154,9.910000,4.601154,0
1999-06-01,4.597417,4.597417,4.532074,9.810000,4.578749,0
1999-07-01,4.598106,4.630951,4.560575,9.720000,4.560575,0
1999-08-01,4.585049,4.622787,4.523726,9.660000,4.556749,0
1999-09-01,4.581357,4.643013,4.571874,9.730000,4.614557,0
1999-10-01,4.615611,4.629921,4.572701,9.710000,4.629921,0
1999-11-01,4.645412,4.683765,4.626238,9.660000,4.631031,0
1999-12-01,4.651303,4.685042,4.607923,9.560000,4.607923,0
2000-01-01,4.614626,4.629169,4.585541,9.490000,4.600080,0
2000-02-01,4.635587,4.669706,4.620964,9.550000,4.655084,0
2000-03-01,4.685496,4.719802,4.675696,9.630000,4.719802,0
2000-04-01,4.751401,4.776050,4.697187,9.530000,4.697187,0
2000-05-01,4.723462,4.723462,4.634244,9.460000,4.688765,0
2000-06-01,4.740691,4.805497,4.740691,9.610000,4.790544,0
2000-07-01,4.827158,4.842197,4.802099,9.640000,4.832174,0
2000-08-01,4.869953,4.910286,4.869953,9.720000,4.900202,0
2000-09-01,4.943389,4.943389,4.912967,9.740000,4.938315,0
2000-10-01,4.960775,4.996465,4.950580,9.740000,4.965877,0
2000-11-01,4.999206,5.045350,4.973571,9.840000,5.045350,0
2000-12-01,5.057840,5.155797,5.057840,9.960000,5.135172,0
2001-01-01,5.205692,5.231616,5.169394,10.080000,5.226431,0
2001-02-01,5.276071,5.276071,5.213511,10.120000,5.276071,0
2001-03-01,5.313859,5.345303,5.287656,10.120000,5.303374,0
2001-04-01,5.327144,5.342952,5.269184,10.020000,5.279722,0
2001-05-01,5.323688,5.355476,5.286607,10.040000,5.318395,0
2001-06-01,5.357948,5.405883,5.347299,10.040000,5.347299,0
2001-07-01,5.391678,5.466641,5.375617,10.210000,5.466641,0
2001-08-01,5.490379,5.533443,5.468846,10.270000,5.528062,0
2001-09-01,5.518831,5.594582,5.518831,10.310000,5.578353,0
2001-10-01,5.612063,5.682760,5.595752,10.450000,5.682760,0
2001-11-01,5.716807,5.727741,5.558311,10.260000,5.607501,0
2001-12-01,5.634993,5.651467,5.530637,10.140000,5.569087,0
2002-01-01,5.575269,5.663587,5.575269,10.170000,5.613910,0
2002-02-01,5.652683,5.669328,5.636041,10.210000,5.663779,0
2002-03-01,5.667652,5.667652,5.572914,10.000000,5.572914,0
2002-04-01,5.601372,5.685481,5.601372,10.120000,5.674265,0
2002-05-01,5.708077,5.719343,5.651724,10.150000,5.719343,0
2002-06-01,5.748795,5.794104,5.737468,10.130000,5.737468,0
2002-07-01,5.765328,5.805164,5.736869,10.130000,5.765328,0
2002-08-01,5.804928,5.862120,5.804928,10.250000,5.862120,0
2002-09-01,5.918458,5.952933,5.895474,10.360000,5.952933,0
2002-10-01,5.962795,5.962795,5.830039,10.250000,5.916621,0
2002-11-01,5.932331,5.978723,5.909139,10.190000,5.909139,0
2002-12-01,5.946411,6.051248,5.946411,10.380000,6.045422,0
2003-01-01,6.022593,6.057678,6.010898,10.340000,6.045983,0
2003-02-01,6.073024,6.131759,6.073024,10.440000,6.131759,0
2003-03-01,6.163064,6.180763,6.056908,10.380000,6.121783,0
2003-04-01,6.149710,6.179332,6.114161,10.430000,6.179332,0
2003-05-01,6.209140,6.298349,6.197242,10.580000,6.292402,0
2003-06-01,6.304317,6.375958,6.268500,10.520000,6.280445,0
2003-07-01,6.302079,6.308073,6.074217,10.130000,6.074217,0
2003-08-01,6.091490,6.157704,6.073432,10.170000,6.121590,0
2003-09-01,6.098651,6.279620,6.098651,10.410000,6.279620,0
2003-10-01,6.300907,6.300907,6.173800,10.270000,6.216172,0
2003-11-01,6.222295,6.276978,6.191911,10.260000,6.234444,0
2003-12-01,6.226474,6.311768,6.226474,10.310000,6.281310,0
2004-01-01,6.281942,6.385932,6.275831,10.360000,6.336997,0
2004-02-01,6.361013,6.403992,6.348729,10.430000,6.403992,0
2004-03-01,6.426833,6.494616,6.408345,10.460000,6.445318,0
2004-04-01,6.459595,6.459595,6.273799,10.150000,6.286182,0
2004-05-01,6.303010,6.303010,6.197340,10.070000,6.259497,0
2004-06-01,6.263797,6.294994,6.207647,10.090000,6.294994,0
2004-07-01,6.330170,6.386518,6.317648,10.150000,6.355213,0
2004-08-01,6.384840,6.479107,6.384840,10.310000,6.479107,0
2004-09-01,6.502509,6.534044,6.458364,10.290000,6.489894,0
2004-10-01,6.500611,6.557580,6.487951,10.340000,6.544922,0
2004-11-01,6.555763,6.562119,6.492240,10.220000,6.492240,0
2004-12-01,6.515807,6.585938,6.509429,10.270000,6.547681,0
2005-01-01,6.575883,6.601497,6.556674,10.300000,6.595094,0
2005-02-01,6.618868,6.657426,6.554608,10.200000,6.554608,0
2005-03-01,6.571289,6.597081,6.481003,10.110000,6.519692,0
2005-04-01,6.558619,6.616890,6.539197,10.210000,6.610414,0
2005-05-01,6.634433,6.679920,6.608441,10.280000,6.679920,0
2005-06-01,6.730864,6.737388,6.672165,10.300000,6.717820,0
2005-07-01,6.715904,6.715904,6.650448,10.160000,6.650448,0
2005-08-01,6.668744,6.741018,6.635894,10.260000,6.741018,0
2005-09-01,6.772745,6.772745,6.667223,10.110000,6.667223,0
2005-10-01,6.678435,6.685050,6.612246,9.990000,6.612246,0
2005-11-01,6.630845,6.670714,6.597624,10.000000,6.644136,0
2005-12-01,6.656117,6.722812,6.649446,10.060000,6.709471,0
2006-01-01,6.742279,6.762366,6.702104,10.010000,6.702104,0
2006-02-01,6.721601,6.728320,6.701435,10.010000,6.728320,0
2006-03-01,6.740519,6.740519,6.659549,9.870000,6.659549,0
2006-04-01,6.679872,6.693426,6.625678,9.810000,6.645999,0
2006-05-01,6.652834,6.666437,6.632426,9.760000,6.639226,0
2006-06-01,6.667177,6.708158,6.612524,9.730000,6.646682,0
2006-07-01,6.674204,6.735940,6.646766,9.820000,6.735940,0
2006-08-01,6.771068,6.846838,6.764183,9.940000,6.846838,0
2006-09-01,6.875254,6.930589,6.847585,9.980000,6.902923,0
2006-10-01,6.938314,6.952203,6.875804,10.010000,6.952203,0
2006-11-01,6.995564,7.030443,6.946742,10.080000,7.030443,0
2006-12-01,7.073243,7.073243,6.996210,9.990000,6.996210,0
2007-01-01,7.039808,7.060908,6.969484,9.940000,6.990580,0
2007-02-01,7.020337,7.112148,7.020337,10.050000,7.098024,0
2007-03-01,7.126329,7.140512,7.097971,10.010000,7.097971,0
2007-04-01,7.127875,7.142117,7.092273,10.020000,7.134994,0
2007-05-01,7.157250,7.164396,7.078599,9.900000,7.078599,0
2007-06-01,7.087186,7.094363,6.986659,9.820000,7.051283,0
2007-07-01,7.096086,7.117719,7.031181,9.860000,7.110515,0
2007-08-01,7.148196,7.213383,7.126476,9.950000,7.206135,0
2007-09-01,7.229377,7.316657,7.229377,9.980000,7.258474,0
2007-10-01,7.296419,7.376768,7.267210,10.030000,7.325637,0
2007-11-01,7.386391,7.489085,7.371723,10.170000,7.459745,0
2007-12-01,7.520137,7.520137,7.394928,10.160000,7.483315,0
2008-01-01,7.558843,7.669786,7.558843,10.300000,7.618012,0
2008-02-01,7.656691,7.664118,7.500733,10.270000,7.626984,0
2008-03-01,7.642102,7.671926,7.545177,10.260000,7.649558,0
2008-04-01,7.642884,7.687796,7.575507,10.180000,7.620427,0
2008-05-01,7.664848,7.672360,7.552130,10.070000,7.567152,0
2008-06-01,7.620032,7.642663,7.484226,10.030000,7.567220,0
2008-07-01,7.581608,7.634625,7.498291,9.990000,7.566460,0
2008-08-01,7.589398,7.635023,7.536164,10.020000,7.619813,0
2008-09-01,7.673227,7.764850,7.535801,9.870000,7.535801,0
2008-10-01,7.588327,7.649650,7.343048,9.580000,7.343048,0
2008-11-01,7.404627,7.612445,7.404627,9.890000,7.612445,0
2008-12-01,7.689040,7.889966,7.665860,10.180000,7.866777,0
2009-01-01,7.858159,7.959003,7.811614,10.070000,7.811614,0
2009-02-01,7.873136,7.888710,7.779687,9.990000,7.779687,0
2009-03-01,7.839813,7.894530,7.785093,10.100000,7.894530,0
2009-04-01,7.932218,7.955760,7.885140,10.100000,7.924373,0
2009-05-01,7.944875,8.023614,7.921249,10.150000,7.992116,0
2009-06-01,7.965447,8.044471,7.894324,10.170000,8.036571,0
2009-07-01,8.064291,8.151521,8.056363,10.280000,8.151521,0
2009-08-01,8.147676,8.235201,8.091981,10.350000,8.235201,0
2009-09-01,8.278332,8.334212,8.262373,10.440000,8.334212,0
2009-10-01,8.384665,8.400683,8.304582,10.450000,8.368649,0
2009-11-01,8.387227,8.483634,8.363128,10.560000,8.483634,0
2009-12-01,8.485268,8.485268,8.340224,10.350000,8.340224,0
2010-01-01,8.374930,8.471940,8.374930,10.480000,8.471940,0
2010-02-01,8.482533,8.514970,8.433875,10.470000,8.490641,0
2010-03-01,8.524014,8.532149,8.467079,10.430000,8.483343,0
2010-04-01,8.493158,8.574745,8.452367,10.510000,8.574745,0
2010-05-01,8.572337,8.678567,8.572337,10.570000,8.637706,0
2010-06-01,8.672185,8.778743,8.647600,10.710000,8.778743,0
2010-07-01,8.803404,8.860942,8.762305,10.780000,8.860942,0
2010-08-01,8.869255,8.992895,8.869255,10.910000,8.992895,0
2010-09-01,8.984700,9.001230,8.910311,10.880000,8.992969,0
2010-10-01,9.016997,9.058438,8.983847,10.890000,9.025286,0
2010-11-01,9.049452,9.091003,8.933114,10.800000,8.974663,0
2010-12-01,8.931361,8.964685,8.748068,10.600000,8.831388,0
2011-01-01,8.878325,8.895106,8.836364,10.580000,8.878325,0
2011-02-01,8.877429,8.894266,8.776460,10.570000,8.894266,0
2011-03-01,8.925500,8.984553,8.866447,10.540000,8.891751,0
2011-04-01,8.917110,9.010177,8.883271,10.650000,9.010177,0
2011-05-01,9.034800,9.128119,9.034800,10.760000,9.128119,0
2011-06-01,9.186836,9.186836,9.093264,10.690000,9.093264,0
2011-07-01,9.108591,9.236525,9.108591,10.830000,9.236525,0
2011-08-01,9.286248,9.457273,9.286248,10.960000,9.371757,0
2011-09-01,9.430899,9.542350,9.422318,11.030000,9.456614,0
2011-10-01,9.515154,9.515154,9.369027,11.020000,9.472172,0
2011-11-01,9.548185,9.548185,9.444773,10.960000,9.444773,0
2011-12-01,9.459418,9.571721,9.442139,11.000000,9.502614,0
2012-01-01,9.552987,9.631291,9.535587,11.070000,9.631291,0
2012-02-01,9.645285,9.654002,9.584241,11.040000,9.627838,0
2012-03-01,9.632190,9.658412,9.518565,10.940000,9.562267,0
2012-04-01,9.602493,9.681415,9.567414,11.040000,9.681415,0
2012-05-01,9.694621,9.773724,9.694621,11.120000,9.773724,0
2012-06-01,9.831023,9.831023,9.751737,11.100000,9.778167,0
2012-07-01,9.825803,9.931743,9.816975,11.230000,9.914085,0
2012-08-01,9.917661,9.926507,9.802650,11.210000,9.917661,0
2012-09-01,9.938107,9.938107,9.849452,11.200000,9.929238,0
2012-10-01,9.957665,9.957665,9.895487,11.190000,9.939898,0
2012-11-01,9.951509,9.987116,9.933705,11.190000,9.960413,0
2012-12-01,9.980030,9.988950,9.881925,11.090000,9.890842,0
2013-01-01,9.932789,9.941770,9.869925,10.990000,9.869925,0
2013-02-01,9.879824,9.933807,9.870824,11.030000,9.924809,0
2013-03-01,9.951871,9.951871,9.870741,11.000000,9.915816,0
2013-04-01,9.960076,10.032448,9.951030,11.080000,10.023404,0
2013-05-01,10.068700,10.068700,9.851192,10.870000,9.851192,0
2013-06-01,9.870240,9.870240,9.615995,10.670000,9.688636,0
2013-07-01,9.715946,9.743239,9.606779,10.670000,9.706851,0
2013-08-01,9.680436,9.726009,9.580167,10.580000,9.643974,0
2013-09-01,9.627516,9.746260,9.563576,10.660000,9.737123,0
2013-10-01,9.748108,9.821332,9.729800,10.720000,9.812181,0
2013-11-01,9.805758,9.805758,9.741551,10.660000,9.778239,0
2013-12-01,9.771808,9.780997,9.707459,10.560000,9.707459,0
2014-01-01,9.754379,9.865015,9.745160,10.700000,9.865015,0
2014-02-01,9.923246,9.923246,9.858569,10.730000,9.914004,0
2014-03-01,9.961202,9.961202,9.859366,10.690000,9.896397,0
2014-04-01,9.909388,9.983616,9.890828,10.750000,9.974337,0
2014-05-01,10.023654,10.098043,10.005059,10.840000,10.079446,0
2014-06-01,10.082226,10.091540,10.026316,10.830000,10.091540,0
2014-07-01,10.093431,10.112103,10.046742,10.780000,10.065415,0
2014-08-01,10.114046,10.179543,10.114046,10.880000,10.179543,0
2014-09-01,10.162670,10.172041,10.068915,10.780000,10.106420,0
2014-10-01,10.182487,10.285813,10.163697,10.860000,10.201270,0
2014-11-01,10.211607,10.268075,10.192780,10.910000,10.268075,0
2014-12-01,10.278485,10.306775,10.203043,10.870000,10.250195,0
2015-01-01,10.325899,10.515365,10.325899,11.100000,10.515365,0
2015-02-01,10.525897,10.525897,10.326579,10.960000,10.402511,0
2015-03-01,10.374035,10.469123,10.307475,10.980000,10.440597,0
2015-04-01,10.501608,10.501608,10.406309,10.920000,10.406309,0
2015-05-01,10.387216,10.387216,10.291744,10.850000,10.358576,0
2015-06-01,10.349966,10.349966,10.196916,10.720000,10.254312,0
2015-07-01,10.236080,10.341507,10.226497,10.780000,10.331925,0
2015-08-01,10.372320,10.391528,10.295487,10.740000,10.314696,0
2015-09-01,10.345491,10.383989,10.287748,10.780000,10.374364,0
2015-10-01,10.404237,10.452450,10.365669,10.760000,10.375311,0
2015-11-01,10.385957,10.385957,10.299001,10.710000,10.347309,0
2015-12-01,10.406360,10.406360,10.280516,10.640000,10.299876,0
2016-01-01,10.347432,10.454208,10.337724,10.770000,10.454208,0
2016-02-01,10.456214,10.563207,10.456214,10.820000,10.524302,0
2016-03-01,10.505803,10.622751,10.486309,10.900000,10.622751,0
2016-04-01,10.654040,10.693101,10.605211,10.920000,10.663806,0
2016-05-01,10.664783,10.733273,10.635430,10.900000,10.664783,0
2016-06-01,10.686391,10.872669,10.686391,11.090000,10.872669,0
2016-07-01,10.902080,10.960905,10.862864,11.140000,10.921690,0
2016-08-01,10.922729,10.922729,10.873614,11.100000,10.903082,0
2016-09-01,10.923748,10.943431,10.825337,11.070000,10.894224,0
2016-10-01,10.905016,10.905016,10.796556,10.960000,10.806417,0
2016-11-01,10.827181,10.846937,10.520937,10.650000,10.520937,0
2016-12-01,10.520844,10.580228,10.441667,10.620000,10.510946,0
2017-01-01,10.566497,10.635948,10.536733,10.660000,10.576419,0
2017-02-01,10.577453,10.666924,10.567512,10.710000,10.647040,0
2017-03-01,10.607220,10.647058,10.507622,10.680000,10.637100,0
2017-04-01,10.689039,10.778863,10.659099,10.740000,10.718981,0
2017-05-01,10.720000,10.790000,10.680000,10.790000,10.790000,0
2017-06-01,10.790000,10.830000,10.790000,10.830000,10.830000,0
